289 4
0.333333 0.372396 0.411458 0.372396 0.445312 
0.372396 0.411458 0.333333 0.445312 0.40625 
0.411458 0.333333 0.372396 0.445312 0.479167 
0.333333 0.372396 0.372396 0.411458 0.40625 
0.372396 0.372396 0.333333 0.411458 0.40625 
0.372396 0.333333 0.372396 0.411458 0.40625 
0.666667 0.664062 0.661458 0.664062 0.661458 
0.664062 0.661458 0.666667 0.664062 0.653646 
0.661458 0.666667 0.664062 0.653646 0.645833 
0.664062 0.664062 0.666667 0.661458 0.65625 
0.5 0.497396 0.536458 0.539062 0.497396 
0.497396 0.536458 0.5 0.528646 0.489583 
0.536458 0.5 0.497396 0.528646 0.5625 
0.5 0.539062 0.497396 0.536458 0.497396 
0.539062 0.497396 0.5 0.536458 0.536458 
0.497396 0.5 0.539062 0.536458 0.489583 
0.536458 0.539062 0.5 0.570312 0.5625 
0.5 0.497396 0.539062 0.536458 0.497396 
0.497396 0.539062 0.5 0.536458 0.489583 
0.539062 0.5 0.497396 0.536458 0.572917 
0.583333 0.601562 0.619792 0.559896 0.536458 
0.601562 0.619792 0.583333 0.559896 0.632812 
0.619792 0.583333 0.601562 0.632812 0.645833 
0.559896 0.601562 0.583333 0.578125 0.53125 
0.458333 0.476562 0.515625 0.497396 0.434896 
0.476562 0.515625 0.458333 0.528646 0.489583 
0.515625 0.458333 0.476562 0.528646 0.5625 
0.458333 0.497396 0.476562 0.473958 0.434896 
0.497396 0.476562 0.458333 0.473958 0.515625 
0.476562 0.458333 0.497396 0.515625 0.489583 
0.473958 0.497396 0.458333 0.507812 0.479167 
0.458333 0.476562 0.497396 0.473958 0.434896 
0.476562 0.497396 0.458333 0.515625 0.489583 
0.497396 0.458333 0.476562 0.515625 0.53125 
0.583333 0.559896 0.536458 0.601562 0.619792 
0.559896 0.536458 0.583333 0.601562 0.507812 
0.536458 0.583333 0.559896 0.507812 0.479167 
0.601562 0.559896 0.583333 0.578125 0.614583 
0.625 0.601562 0.598958 0.622396 0.640625 
0.601562 0.598958 0.625 0.622396 0.570312 
0.598958 0.625 0.601562 0.570312 0.5625 
0.622396 0.601562 0.625 0.640625 0.598958 
0.640625 0.622396 0.625 0.632812 0.645833 
0.625 0.601562 0.622396 0.640625 0.643229 
0.601562 0.622396 0.625 0.598958 0.572917 
0.622396 0.625 0.601562 0.598958 0.614583 
0.583333 0.559896 0.578125 0.559896 0.578125 
0.559896 0.578125 0.583333 0.559896 0.549479 
0.578125 0.583333 0.559896 0.549479 0.5625 
0.559896 0.559896 0.583333 0.536458 0.53125 
0.458333 0.434896 0.473958 0.497396 0.476562 
0.434896 0.473958 0.458333 0.445312 0.40625 
0.473958 0.458333 0.434896 0.445312 0.479167 
0.458333 0.497396 0.434896 0.515625 0.476562 
0.497396 0.434896 0.458333 0.515625 0.473958 
0.434896 0.458333 0.497396 0.473958 0.40625 
0.515625 0.497396 0.458333 0.549479 0.5625 
0.625 0.643229 0.622396 0.640625 0.622396 
0.643229 0.622396 0.625 0.640625 0.640625 
0.622396 0.625 0.643229 0.640625 0.614583 
0.640625 0.643229 0.625 0.622396 0.653646 
0.622396 0.640625 0.625 0.632812 0.614583 
0.583333 0.578125 0.601562 0.601562 0.578125 
0.578125 0.601562 0.583333 0.591146 0.5625 
0.601562 0.583333 0.578125 0.591146 0.614583 
0.625 0.622396 0.643229 0.598958 0.601562 
0.622396 0.643229 0.625 0.598958 0.640625 
0.643229 0.625 0.622396 0.640625 0.65625 
0.598958 0.622396 0.625 0.591146 0.5625 
0.458333 0.434896 0.497396 0.515625 0.476562 
0.434896 0.497396 0.458333 0.473958 0.40625 
0.497396 0.458333 0.434896 0.473958 0.53125 
0.479167 0.507812 0.536458 0.445312 0.411458 
0.507812 0.536458 0.479167 0.445312 0.559896 
0.536458 0.479167 0.507812 0.559896 0.583333 
0.445312 0.507812 0.479167 0.411458 0.372396 
0.40625 0.434896 0.473958 0.445312 0.372396 
0.434896 0.473958 0.40625 0.497396 0.458333 
0.473958 0.40625 0.434896 0.53125 0.507812 
0.40625 0.445312 0.434896 0.411458 0.372396 
0.445312 0.434896 0.40625 0.411458 0.473958 
0.434896 0.40625 0.445312 0.473958 0.458333 
0.411458 0.445312 0.40625 0.372396 0.372396 
0.40625 0.434896 0.445312 0.411458 0.372396 
0.434896 0.445312 0.40625 0.473958 0.458333 
0.445312 0.40625 0.434896 0.479167 0.445312 
0.645833 0.632812 0.619792 0.653646 0.661458 
0.632812 0.619792 0.645833 0.653646 0.601562 
0.619792 0.645833 0.632812 0.601562 0.583333 
0.653646 0.632812 0.645833 0.661458 0.664062 
0.65625 0.643229 0.640625 0.653646 0.661458 
0.643229 0.640625 0.65625 0.653646 0.622396 
0.640625 0.65625 0.643229 0.614583 0.632812 
0.653646 0.643229 0.65625 0.661458 0.640625 
0.661458 0.653646 0.65625 0.664062 0.664062 
0.65625 0.643229 0.653646 0.661458 0.664062 
0.643229 0.653646 0.65625 0.640625 0.625 
0.653646 0.65625 0.643229 0.645833 0.653646 
0.5625 0.549479 0.578125 0.528646 0.536458 
0.549479 0.578125 0.5625 0.528646 0.559896 
0.578125 0.5625 0.549479 0.559896 0.583333 
0.528646 0.549479 0.5625 0.536458 0.497396 
0.489583 0.476562 0.515625 0.528646 0.497396 
0.476562 0.515625 0.489583 0.497396 0.458333 
0.515625 0.489583 0.476562 0.53125 0.549479 
0.489583 0.528646 0.476562 0.536458 0.497396 
0.528646 0.476562 0.489583 0.536458 0.515625 
0.476562 0.489583 0.528646 0.515625 0.458333 
0.536458 0.528646 0.489583 0.497396 0.539062 
0.572917 0.601562 0.570312 0.598958 0.570312 
0.601562 0.570312 0.572917 0.598958 0.598958 
0.570312 0.572917 0.601562 0.5625 0.528646 
0.598958 0.601562 0.572917 0.570312 0.622396 
0.570312 0.598958 0.572917 0.539062 0.536458 
0.5625 0.578125 0.591146 0.570312 0.536458 
0.578125 0.591146 0.5625 0.601562 0.583333 
0.591146 0.5625 0.578125 0.614583 0.598958 
0.572917 0.570312 0.601562 0.536458 0.539062 
0.570312 0.601562 0.572917 0.536458 0.598958 
0.601562 0.572917 0.570312 0.598958 0.625 
0.536458 0.570312 0.572917 0.539062 0.497396 
0.489583 0.476562 0.528646 0.536458 0.497396 
0.476562 0.528646 0.489583 0.515625 0.458333 
0.528646 0.489583 0.476562 0.5625 0.570312 
0.645833 0.653646 0.661458 0.632812 0.619792 
0.653646 0.661458 0.645833 0.632812 0.664062 
0.661458 0.645833 0.653646 0.664062 0.666667 
0.632812 0.653646 0.645833 0.619792 0.601562 
0.614583 0.622396 0.640625 0.591146 0.578125 
0.622396 0.640625 0.614583 0.591146 0.643229 
0.640625 0.614583 0.622396 0.65625 0.653646 
0.591146 0.622396 0.614583 0.578125 0.598958 
0.578125 0.591146 0.614583 0.601562 0.559896 
0.53125 0.497396 0.549479 0.578125 0.559896 
0.497396 0.549479 0.53125 0.473958 0.434896 
0.549479 0.53125 0.497396 0.5625 0.591146 
0.5625 0.570312 0.598958 0.528646 0.515625 
0.570312 0.598958 0.5625 0.528646 0.601562 
0.598958 0.5625 0.570312 0.625 0.622396 
0.528646 0.570312 0.5625 0.515625 0.476562 
0.489583 0.497396 0.536458 0.528646 0.476562 
0.497396 0.536458 0.489583 0.539062 0.5 
0.536458 0.489583 0.497396 0.572917 0.570312 
0.489583 0.528646 0.497396 0.515625 0.476562 
0.528646 0.497396 0.489583 0.515625 0.536458 
0.497396 0.489583 0.528646 0.536458 0.5 
0.515625 0.528646 0.489583 0.476562 0.497396 
0.53125 0.559896 0.549479 0.536458 0.507812 
0.559896 0.549479 0.53125 0.536458 0.578125 
0.549479 0.53125 0.559896 0.5625 0.528646 
0.536458 0.559896 0.53125 0.507812 0.559896 
0.507812 0.536458 0.53125 0.497396 0.473958 
0.479167 0.473958 0.507812 0.507812 0.473958 
0.473958 0.507812 0.479167 0.445312 0.434896 
0.507812 0.479167 0.473958 0.53125 0.536458 
0.53125 0.549479 0.559896 0.515625 0.497396 
0.549479 0.559896 0.53125 0.515625 0.578125 
0.559896 0.53125 0.549479 0.583333 0.559896 
0.515625 0.549479 0.53125 0.497396 0.476562 
0.489583 0.497396 0.528646 0.515625 0.476562 
0.497396 0.528646 0.489583 0.536458 0.5 
0.528646 0.489583 0.497396 0.5625 0.549479 
0.479167 0.445312 0.411458 0.507812 0.536458 
0.445312 0.411458 0.479167 0.507812 0.372396 
0.411458 0.479167 0.445312 0.372396 0.333333 
0.507812 0.445312 0.479167 0.536458 0.559896 
0.53125 0.497396 0.473958 0.549479 0.578125 
0.497396 0.473958 0.53125 0.549479 0.434896 
0.473958 0.53125 0.497396 0.40625 0.445312 
0.549479 0.497396 0.53125 0.578125 0.515625 
0.578125 0.549479 0.53125 0.559896 0.601562 
0.614583 0.622396 0.591146 0.578125 0.601562 
0.622396 0.591146 0.614583 0.640625 0.643229 
0.591146 0.614583 0.622396 0.5625 0.549479 
0.5625 0.528646 0.515625 0.570312 0.598958 
0.528646 0.515625 0.5625 0.570312 0.476562 
0.515625 0.5625 0.528646 0.458333 0.497396 
0.570312 0.528646 0.5625 0.598958 0.601562 
0.572917 0.539062 0.536458 0.570312 0.598958 
0.539062 0.536458 0.572917 0.570312 0.497396 
0.536458 0.572917 0.539062 0.489583 0.528646 
0.570312 0.539062 0.572917 0.598958 0.536458 
0.598958 0.570312 0.572917 0.601562 0.622396 
0.614583 0.601562 0.591146 0.619792 0.632812 
0.601562 0.591146 0.614583 0.619792 0.578125 
0.591146 0.614583 0.601562 0.5625 0.570312 
0.619792 0.601562 0.614583 0.632812 0.601562 
0.632812 0.619792 0.614583 0.622396 0.640625 
0.645833 0.640625 0.632812 0.632812 0.640625 
0.640625 0.632812 0.645833 0.653646 0.643229 
0.632812 0.645833 0.640625 0.614583 0.619792 
0.614583 0.591146 0.601562 0.598958 0.622396 
0.591146 0.601562 0.614583 0.598958 0.578125 
0.601562 0.614583 0.591146 0.583333 0.601562 
0.598958 0.591146 0.614583 0.622396 0.601562 
0.572917 0.539062 0.570312 0.598958 0.601562 
0.539062 0.570312 0.572917 0.536458 0.497396 
0.570312 0.572917 0.539062 0.5625 0.591146 
0.5625 0.528646 0.536458 0.549479 0.578125 
0.528646 0.536458 0.5625 0.549479 0.497396 
0.536458 0.5625 0.528646 0.5 0.539062 
0.549479 0.528646 0.5625 0.578125 0.559896 
0.53125 0.497396 0.515625 0.507812 0.536458 
0.497396 0.515625 0.53125 0.507812 0.476562 
0.515625 0.53125 0.497396 0.489583 0.528646 
0.507812 0.497396 0.53125 0.536458 0.473958 
0.536458 0.507812 0.53125 0.559896 0.559896 
0.53125 0.497396 0.507812 0.536458 0.559896 
0.497396 0.507812 0.53125 0.515625 0.476562 
0.507812 0.53125 0.497396 0.479167 0.507812 
0.479167 0.445312 0.473958 0.445312 0.473958 
0.445312 0.473958 0.479167 0.445312 0.434896 
0.473958 0.479167 0.445312 0.458333 0.497396 
0.445312 0.445312 0.479167 0.473958 0.434896 
0.40625 0.372396 0.411458 0.445312 0.434896 
0.372396 0.411458 0.40625 0.372396 0.333333 
0.411458 0.40625 0.372396 0.40625 0.445312 
0.40625 0.445312 0.372396 0.473958 0.434896 
0.445312 0.372396 0.40625 0.473958 0.411458 
0.372396 0.40625 0.445312 0.411458 0.333333 
0.473958 0.445312 0.40625 0.434896 0.497396 
0.53125 0.559896 0.507812 0.578125 0.549479 
0.559896 0.507812 0.53125 0.578125 0.536458 
0.507812 0.53125 0.559896 0.479167 0.445312 
0.578125 0.559896 0.53125 0.549479 0.601562 
0.549479 0.578125 0.53125 0.497396 0.515625 
0.5625 0.598958 0.591146 0.549479 0.515625 
0.598958 0.591146 0.5625 0.570312 0.601562 
0.591146 0.5625 0.598958 0.614583 0.578125 
0.614583 0.632812 0.601562 0.640625 0.622396 
0.632812 0.601562 0.614583 0.640625 0.619792 
0.601562 0.614583 0.632812 0.583333 0.559896 
0.640625 0.632812 0.614583 0.622396 0.643229 
0.65625 0.664062 0.653646 0.661458 0.653646 
0.664062 0.653646 0.65625 0.661458 0.661458 
0.653646 0.65625 0.664062 0.645833 0.632812 
0.661458 0.664062 0.65625 0.653646 0.664062 
0.653646 0.661458 0.65625 0.643229 0.640625 
0.645833 0.640625 0.653646 0.632812 0.632812 
0.640625 0.653646 0.645833 0.632812 0.643229 
0.653646 0.645833 0.640625 0.65625 0.661458 
0.632812 0.640625 0.645833 0.632812 0.622396 
0.632812 0.632812 0.645833 0.640625 0.622396 
0.614583 0.601562 0.619792 0.632812 0.622396 
0.601562 0.619792 0.614583 0.591146 0.578125 
0.619792 0.614583 0.601562 0.614583 0.632812 
0.614583 0.598958 0.622396 0.591146 0.601562 
0.598958 0.622396 0.614583 0.591146 0.601562 
0.622396 0.614583 0.598958 0.625 0.640625 
0.591146 0.598958 0.614583 0.601562 0.578125 
0.5625 0.536458 0.570312 0.591146 0.578125 
0.536458 0.570312 0.5625 0.528646 0.497396 
0.570312 0.5625 0.536458 0.572917 0.598958 
0.65625 0.653646 0.664062 0.640625 0.643229 
0.653646 0.664062 0.65625 0.640625 0.661458 
0.664062 0.65625 0.653646 0.666667 0.664062 
0.640625 0.653646 0.65625 0.643229 0.622396 
0.614583 0.601562 0.632812 0.578125 0.591146 
0.601562 0.632812 0.614583 0.578125 0.619792 
0.632812 0.614583 0.601562 0.645833 0.653646 
0.578125 0.601562 0.614583 0.591146 0.559896 
0.591146 0.578125 0.614583 0.622396 0.598958 
0.5625 0.515625 0.549479 0.591146 0.598958 
0.515625 0.549479 0.5625 0.528646 0.476562 
0.549479 0.5625 0.515625 0.53125 0.578125 
0.53125 0.507812 0.559896 0.473958 0.497396 
0.507812 0.559896 0.53125 0.473958 0.536458 
0.559896 0.53125 0.507812 0.583333 0.601562 
0.473958 0.507812 0.53125 0.497396 0.434896 
0.40625 0.372396 0.445312 0.473958 0.434896 
0.372396 0.445312 0.40625 0.411458 0.333333 
0.445312 0.40625 0.372396 0.479167 0.507812 
0.372396 0.333333 0.411458 0.445312 0.40625 
0.333333 0.411458 0.372396 0.372396 0.479167 
0.40625 0.372396 0.445312 0.473958 0.434896 
0.434896 0.40625 0.473958 0.497396 0.458333 
0.458333 0.434896 0.497396 0.515625 0.476562 
0.476562 0.458333 0.515625 0.528646 0.489583 
0.489583 0.476562 0.528646 0.536458 0.497396 
0.497396 0.489583 0.536458 0.539062 0.5 
0.5 0.497396 0.539062 0.536458 0.497396 
0.497396 0.5 0.536458 0.528646 0.489583 
0.489583 0.497396 0.528646 0.515625 0.476562 
0.476562 0.489583 0.515625 0.497396 0.458333 
0.458333 0.476562 0.497396 0.473958 0.434896 
0.434896 0.458333 0.473958 0.445312 0.40625 
0.40625 0.434896 0.445312 0.411458 0.372396 
0.372396 0.40625 0.411458 0.372396 0.333333 
0.333333 0.372396 0.372396 0.40625 0.411458 
